{
 "cells": [
  {
   "cell_type": "code",
   "execution_count": 118,
   "id": "650f16af-1100-4f4d-bbc8-ca3e9c66ce77",
   "metadata": {},
   "outputs": [],
   "source": [
    "import pandas as pd\n",
    "import pymongo\n",
    "from pymongo import MongoClient"
   ]
  },
  {
   "cell_type": "code",
   "execution_count": 119,
   "id": "dcf0d0c2-122d-4e76-9428-3e8999270b10",
   "metadata": {},
   "outputs": [
    {
     "data": {
      "text/html": [
       "<div>\n",
       "<style scoped>\n",
       "    .dataframe tbody tr th:only-of-type {\n",
       "        vertical-align: middle;\n",
       "    }\n",
       "\n",
       "    .dataframe tbody tr th {\n",
       "        vertical-align: top;\n",
       "    }\n",
       "\n",
       "    .dataframe thead th {\n",
       "        text-align: right;\n",
       "    }\n",
       "</style>\n",
       "<table border=\"1\" class=\"dataframe\">\n",
       "  <thead>\n",
       "    <tr style=\"text-align: right;\">\n",
       "      <th></th>\n",
       "      <th>date</th>\n",
       "      <th>hour</th>\n",
       "      <th>store_id</th>\n",
       "      <th>imwh</th>\n",
       "    </tr>\n",
       "  </thead>\n",
       "  <tbody>\n",
       "    <tr>\n",
       "      <th>0</th>\n",
       "      <td>2022-06-05</td>\n",
       "      <td>19</td>\n",
       "      <td>2007</td>\n",
       "      <td>120.82733</td>\n",
       "    </tr>\n",
       "    <tr>\n",
       "      <th>1</th>\n",
       "      <td>2022-06-05</td>\n",
       "      <td>7</td>\n",
       "      <td>6193</td>\n",
       "      <td>56.28347</td>\n",
       "    </tr>\n",
       "    <tr>\n",
       "      <th>2</th>\n",
       "      <td>2022-06-05</td>\n",
       "      <td>10</td>\n",
       "      <td>1012</td>\n",
       "      <td>104.77353</td>\n",
       "    </tr>\n",
       "    <tr>\n",
       "      <th>3</th>\n",
       "      <td>2022-06-05</td>\n",
       "      <td>6</td>\n",
       "      <td>1096</td>\n",
       "      <td>89.07027</td>\n",
       "    </tr>\n",
       "    <tr>\n",
       "      <th>4</th>\n",
       "      <td>2022-06-05</td>\n",
       "      <td>11</td>\n",
       "      <td>3604</td>\n",
       "      <td>152.54100</td>\n",
       "    </tr>\n",
       "  </tbody>\n",
       "</table>\n",
       "</div>"
      ],
      "text/plain": [
       "         date  hour  store_id       imwh\n",
       "0  2022-06-05    19      2007  120.82733\n",
       "1  2022-06-05     7      6193   56.28347\n",
       "2  2022-06-05    10      1012  104.77353\n",
       "3  2022-06-05     6      1096   89.07027\n",
       "4  2022-06-05    11      3604  152.54100"
      ]
     },
     "execution_count": 119,
     "metadata": {},
     "output_type": "execute_result"
    }
   ],
   "source": [
    "#Veri Setinin Okunması\n",
    "df = pd.read_csv(\"elektriktuketim_data.csv\",sep=\",\", \n",
    "                 names=[\"date\",\"hour\",\"store_id\",\"imwh\"])\n",
    "df.head()"
   ]
  },
  {
   "cell_type": "code",
   "execution_count": 120,
   "id": "6edb1f6f-989b-42c3-a3b6-42177512e7fe",
   "metadata": {},
   "outputs": [],
   "source": [
    "#Filtreleme İşlemleri"
   ]
  },
  {
   "cell_type": "code",
   "execution_count": 121,
   "id": "a3fc6642-9872-4953-91fa-1df8065b4c2d",
   "metadata": {},
   "outputs": [
    {
     "data": {
      "text/html": [
       "<div>\n",
       "<style scoped>\n",
       "    .dataframe tbody tr th:only-of-type {\n",
       "        vertical-align: middle;\n",
       "    }\n",
       "\n",
       "    .dataframe tbody tr th {\n",
       "        vertical-align: top;\n",
       "    }\n",
       "\n",
       "    .dataframe thead th {\n",
       "        text-align: right;\n",
       "    }\n",
       "</style>\n",
       "<table border=\"1\" class=\"dataframe\">\n",
       "  <thead>\n",
       "    <tr style=\"text-align: right;\">\n",
       "      <th></th>\n",
       "      <th>date</th>\n",
       "      <th>hour</th>\n",
       "      <th>store_id</th>\n",
       "      <th>imwh</th>\n",
       "    </tr>\n",
       "  </thead>\n",
       "  <tbody>\n",
       "    <tr>\n",
       "      <th>13</th>\n",
       "      <td>2022-06-05</td>\n",
       "      <td>22</td>\n",
       "      <td>282</td>\n",
       "      <td>45.50200</td>\n",
       "    </tr>\n",
       "    <tr>\n",
       "      <th>14</th>\n",
       "      <td>2022-06-05</td>\n",
       "      <td>4</td>\n",
       "      <td>282</td>\n",
       "      <td>30.33747</td>\n",
       "    </tr>\n",
       "    <tr>\n",
       "      <th>18</th>\n",
       "      <td>2022-06-05</td>\n",
       "      <td>11</td>\n",
       "      <td>282</td>\n",
       "      <td>53.77514</td>\n",
       "    </tr>\n",
       "    <tr>\n",
       "      <th>30</th>\n",
       "      <td>2022-06-05</td>\n",
       "      <td>14</td>\n",
       "      <td>282</td>\n",
       "      <td>53.49546</td>\n",
       "    </tr>\n",
       "    <tr>\n",
       "      <th>40</th>\n",
       "      <td>2022-06-05</td>\n",
       "      <td>20</td>\n",
       "      <td>282</td>\n",
       "      <td>56.56680</td>\n",
       "    </tr>\n",
       "    <tr>\n",
       "      <th>53</th>\n",
       "      <td>2022-06-05</td>\n",
       "      <td>16</td>\n",
       "      <td>282</td>\n",
       "      <td>52.19456</td>\n",
       "    </tr>\n",
       "    <tr>\n",
       "      <th>84</th>\n",
       "      <td>2022-06-05</td>\n",
       "      <td>21</td>\n",
       "      <td>282</td>\n",
       "      <td>52.07381</td>\n",
       "    </tr>\n",
       "    <tr>\n",
       "      <th>86</th>\n",
       "      <td>2022-06-05</td>\n",
       "      <td>12</td>\n",
       "      <td>282</td>\n",
       "      <td>55.32460</td>\n",
       "    </tr>\n",
       "    <tr>\n",
       "      <th>97</th>\n",
       "      <td>2022-06-05</td>\n",
       "      <td>10</td>\n",
       "      <td>282</td>\n",
       "      <td>55.88620</td>\n",
       "    </tr>\n",
       "    <tr>\n",
       "      <th>98</th>\n",
       "      <td>2022-06-05</td>\n",
       "      <td>0</td>\n",
       "      <td>282</td>\n",
       "      <td>35.50907</td>\n",
       "    </tr>\n",
       "    <tr>\n",
       "      <th>105</th>\n",
       "      <td>2022-06-05</td>\n",
       "      <td>2</td>\n",
       "      <td>282</td>\n",
       "      <td>30.18487</td>\n",
       "    </tr>\n",
       "    <tr>\n",
       "      <th>118</th>\n",
       "      <td>2022-06-05</td>\n",
       "      <td>15</td>\n",
       "      <td>282</td>\n",
       "      <td>52.93817</td>\n",
       "    </tr>\n",
       "    <tr>\n",
       "      <th>130</th>\n",
       "      <td>2022-06-05</td>\n",
       "      <td>3</td>\n",
       "      <td>282</td>\n",
       "      <td>29.05380</td>\n",
       "    </tr>\n",
       "    <tr>\n",
       "      <th>177</th>\n",
       "      <td>2022-06-05</td>\n",
       "      <td>19</td>\n",
       "      <td>282</td>\n",
       "      <td>55.32580</td>\n",
       "    </tr>\n",
       "    <tr>\n",
       "      <th>186</th>\n",
       "      <td>2022-06-05</td>\n",
       "      <td>23</td>\n",
       "      <td>282</td>\n",
       "      <td>33.87973</td>\n",
       "    </tr>\n",
       "    <tr>\n",
       "      <th>196</th>\n",
       "      <td>2022-06-05</td>\n",
       "      <td>18</td>\n",
       "      <td>282</td>\n",
       "      <td>51.56978</td>\n",
       "    </tr>\n",
       "    <tr>\n",
       "      <th>204</th>\n",
       "      <td>2022-06-05</td>\n",
       "      <td>6</td>\n",
       "      <td>282</td>\n",
       "      <td>29.86673</td>\n",
       "    </tr>\n",
       "    <tr>\n",
       "      <th>206</th>\n",
       "      <td>2022-06-05</td>\n",
       "      <td>9</td>\n",
       "      <td>282</td>\n",
       "      <td>52.37020</td>\n",
       "    </tr>\n",
       "    <tr>\n",
       "      <th>208</th>\n",
       "      <td>2022-06-05</td>\n",
       "      <td>5</td>\n",
       "      <td>282</td>\n",
       "      <td>30.65119</td>\n",
       "    </tr>\n",
       "    <tr>\n",
       "      <th>214</th>\n",
       "      <td>2022-06-05</td>\n",
       "      <td>8</td>\n",
       "      <td>282</td>\n",
       "      <td>54.72253</td>\n",
       "    </tr>\n",
       "    <tr>\n",
       "      <th>220</th>\n",
       "      <td>2022-06-05</td>\n",
       "      <td>7</td>\n",
       "      <td>282</td>\n",
       "      <td>47.21779</td>\n",
       "    </tr>\n",
       "    <tr>\n",
       "      <th>221</th>\n",
       "      <td>2022-06-05</td>\n",
       "      <td>1</td>\n",
       "      <td>282</td>\n",
       "      <td>30.98254</td>\n",
       "    </tr>\n",
       "    <tr>\n",
       "      <th>223</th>\n",
       "      <td>2022-06-05</td>\n",
       "      <td>17</td>\n",
       "      <td>282</td>\n",
       "      <td>53.11455</td>\n",
       "    </tr>\n",
       "    <tr>\n",
       "      <th>224</th>\n",
       "      <td>2022-06-05</td>\n",
       "      <td>13</td>\n",
       "      <td>282</td>\n",
       "      <td>53.77840</td>\n",
       "    </tr>\n",
       "  </tbody>\n",
       "</table>\n",
       "</div>"
      ],
      "text/plain": [
       "           date  hour  store_id      imwh\n",
       "13   2022-06-05    22       282  45.50200\n",
       "14   2022-06-05     4       282  30.33747\n",
       "18   2022-06-05    11       282  53.77514\n",
       "30   2022-06-05    14       282  53.49546\n",
       "40   2022-06-05    20       282  56.56680\n",
       "53   2022-06-05    16       282  52.19456\n",
       "84   2022-06-05    21       282  52.07381\n",
       "86   2022-06-05    12       282  55.32460\n",
       "97   2022-06-05    10       282  55.88620\n",
       "98   2022-06-05     0       282  35.50907\n",
       "105  2022-06-05     2       282  30.18487\n",
       "118  2022-06-05    15       282  52.93817\n",
       "130  2022-06-05     3       282  29.05380\n",
       "177  2022-06-05    19       282  55.32580\n",
       "186  2022-06-05    23       282  33.87973\n",
       "196  2022-06-05    18       282  51.56978\n",
       "204  2022-06-05     6       282  29.86673\n",
       "206  2022-06-05     9       282  52.37020\n",
       "208  2022-06-05     5       282  30.65119\n",
       "214  2022-06-05     8       282  54.72253\n",
       "220  2022-06-05     7       282  47.21779\n",
       "221  2022-06-05     1       282  30.98254\n",
       "223  2022-06-05    17       282  53.11455\n",
       "224  2022-06-05    13       282  53.77840"
      ]
     },
     "execution_count": 121,
     "metadata": {},
     "output_type": "execute_result"
    }
   ],
   "source": [
    "#Mağaza id'sine göre mağaza verilerinin alınması,\n",
    "magaza_282_data =  df[df[\"store_id\"] == 282]\n",
    "magaza_282_data"
   ]
  },
  {
   "cell_type": "code",
   "execution_count": 122,
   "id": "dbb44ee2-cc80-46a8-a9ec-1d2fcbb6a51b",
   "metadata": {},
   "outputs": [
    {
     "data": {
      "text/html": [
       "<div>\n",
       "<style scoped>\n",
       "    .dataframe tbody tr th:only-of-type {\n",
       "        vertical-align: middle;\n",
       "    }\n",
       "\n",
       "    .dataframe tbody tr th {\n",
       "        vertical-align: top;\n",
       "    }\n",
       "\n",
       "    .dataframe thead th {\n",
       "        text-align: right;\n",
       "    }\n",
       "</style>\n",
       "<table border=\"1\" class=\"dataframe\">\n",
       "  <thead>\n",
       "    <tr style=\"text-align: right;\">\n",
       "      <th></th>\n",
       "      <th>date</th>\n",
       "      <th>hour</th>\n",
       "      <th>store_id</th>\n",
       "      <th>imwh</th>\n",
       "    </tr>\n",
       "  </thead>\n",
       "  <tbody>\n",
       "    <tr>\n",
       "      <th>98</th>\n",
       "      <td>2022-06-05</td>\n",
       "      <td>0</td>\n",
       "      <td>282</td>\n",
       "      <td>35.50907</td>\n",
       "    </tr>\n",
       "    <tr>\n",
       "      <th>221</th>\n",
       "      <td>2022-06-05</td>\n",
       "      <td>1</td>\n",
       "      <td>282</td>\n",
       "      <td>30.98254</td>\n",
       "    </tr>\n",
       "    <tr>\n",
       "      <th>105</th>\n",
       "      <td>2022-06-05</td>\n",
       "      <td>2</td>\n",
       "      <td>282</td>\n",
       "      <td>30.18487</td>\n",
       "    </tr>\n",
       "    <tr>\n",
       "      <th>130</th>\n",
       "      <td>2022-06-05</td>\n",
       "      <td>3</td>\n",
       "      <td>282</td>\n",
       "      <td>29.05380</td>\n",
       "    </tr>\n",
       "    <tr>\n",
       "      <th>14</th>\n",
       "      <td>2022-06-05</td>\n",
       "      <td>4</td>\n",
       "      <td>282</td>\n",
       "      <td>30.33747</td>\n",
       "    </tr>\n",
       "    <tr>\n",
       "      <th>208</th>\n",
       "      <td>2022-06-05</td>\n",
       "      <td>5</td>\n",
       "      <td>282</td>\n",
       "      <td>30.65119</td>\n",
       "    </tr>\n",
       "    <tr>\n",
       "      <th>204</th>\n",
       "      <td>2022-06-05</td>\n",
       "      <td>6</td>\n",
       "      <td>282</td>\n",
       "      <td>29.86673</td>\n",
       "    </tr>\n",
       "    <tr>\n",
       "      <th>220</th>\n",
       "      <td>2022-06-05</td>\n",
       "      <td>7</td>\n",
       "      <td>282</td>\n",
       "      <td>47.21779</td>\n",
       "    </tr>\n",
       "    <tr>\n",
       "      <th>214</th>\n",
       "      <td>2022-06-05</td>\n",
       "      <td>8</td>\n",
       "      <td>282</td>\n",
       "      <td>54.72253</td>\n",
       "    </tr>\n",
       "    <tr>\n",
       "      <th>206</th>\n",
       "      <td>2022-06-05</td>\n",
       "      <td>9</td>\n",
       "      <td>282</td>\n",
       "      <td>52.37020</td>\n",
       "    </tr>\n",
       "    <tr>\n",
       "      <th>97</th>\n",
       "      <td>2022-06-05</td>\n",
       "      <td>10</td>\n",
       "      <td>282</td>\n",
       "      <td>55.88620</td>\n",
       "    </tr>\n",
       "    <tr>\n",
       "      <th>18</th>\n",
       "      <td>2022-06-05</td>\n",
       "      <td>11</td>\n",
       "      <td>282</td>\n",
       "      <td>53.77514</td>\n",
       "    </tr>\n",
       "    <tr>\n",
       "      <th>86</th>\n",
       "      <td>2022-06-05</td>\n",
       "      <td>12</td>\n",
       "      <td>282</td>\n",
       "      <td>55.32460</td>\n",
       "    </tr>\n",
       "    <tr>\n",
       "      <th>224</th>\n",
       "      <td>2022-06-05</td>\n",
       "      <td>13</td>\n",
       "      <td>282</td>\n",
       "      <td>53.77840</td>\n",
       "    </tr>\n",
       "    <tr>\n",
       "      <th>30</th>\n",
       "      <td>2022-06-05</td>\n",
       "      <td>14</td>\n",
       "      <td>282</td>\n",
       "      <td>53.49546</td>\n",
       "    </tr>\n",
       "    <tr>\n",
       "      <th>118</th>\n",
       "      <td>2022-06-05</td>\n",
       "      <td>15</td>\n",
       "      <td>282</td>\n",
       "      <td>52.93817</td>\n",
       "    </tr>\n",
       "    <tr>\n",
       "      <th>53</th>\n",
       "      <td>2022-06-05</td>\n",
       "      <td>16</td>\n",
       "      <td>282</td>\n",
       "      <td>52.19456</td>\n",
       "    </tr>\n",
       "    <tr>\n",
       "      <th>223</th>\n",
       "      <td>2022-06-05</td>\n",
       "      <td>17</td>\n",
       "      <td>282</td>\n",
       "      <td>53.11455</td>\n",
       "    </tr>\n",
       "    <tr>\n",
       "      <th>196</th>\n",
       "      <td>2022-06-05</td>\n",
       "      <td>18</td>\n",
       "      <td>282</td>\n",
       "      <td>51.56978</td>\n",
       "    </tr>\n",
       "    <tr>\n",
       "      <th>177</th>\n",
       "      <td>2022-06-05</td>\n",
       "      <td>19</td>\n",
       "      <td>282</td>\n",
       "      <td>55.32580</td>\n",
       "    </tr>\n",
       "    <tr>\n",
       "      <th>40</th>\n",
       "      <td>2022-06-05</td>\n",
       "      <td>20</td>\n",
       "      <td>282</td>\n",
       "      <td>56.56680</td>\n",
       "    </tr>\n",
       "    <tr>\n",
       "      <th>84</th>\n",
       "      <td>2022-06-05</td>\n",
       "      <td>21</td>\n",
       "      <td>282</td>\n",
       "      <td>52.07381</td>\n",
       "    </tr>\n",
       "    <tr>\n",
       "      <th>13</th>\n",
       "      <td>2022-06-05</td>\n",
       "      <td>22</td>\n",
       "      <td>282</td>\n",
       "      <td>45.50200</td>\n",
       "    </tr>\n",
       "    <tr>\n",
       "      <th>186</th>\n",
       "      <td>2022-06-05</td>\n",
       "      <td>23</td>\n",
       "      <td>282</td>\n",
       "      <td>33.87973</td>\n",
       "    </tr>\n",
       "  </tbody>\n",
       "</table>\n",
       "</div>"
      ],
      "text/plain": [
       "           date  hour  store_id      imwh\n",
       "98   2022-06-05     0       282  35.50907\n",
       "221  2022-06-05     1       282  30.98254\n",
       "105  2022-06-05     2       282  30.18487\n",
       "130  2022-06-05     3       282  29.05380\n",
       "14   2022-06-05     4       282  30.33747\n",
       "208  2022-06-05     5       282  30.65119\n",
       "204  2022-06-05     6       282  29.86673\n",
       "220  2022-06-05     7       282  47.21779\n",
       "214  2022-06-05     8       282  54.72253\n",
       "206  2022-06-05     9       282  52.37020\n",
       "97   2022-06-05    10       282  55.88620\n",
       "18   2022-06-05    11       282  53.77514\n",
       "86   2022-06-05    12       282  55.32460\n",
       "224  2022-06-05    13       282  53.77840\n",
       "30   2022-06-05    14       282  53.49546\n",
       "118  2022-06-05    15       282  52.93817\n",
       "53   2022-06-05    16       282  52.19456\n",
       "223  2022-06-05    17       282  53.11455\n",
       "196  2022-06-05    18       282  51.56978\n",
       "177  2022-06-05    19       282  55.32580\n",
       "40   2022-06-05    20       282  56.56680\n",
       "84   2022-06-05    21       282  52.07381\n",
       "13   2022-06-05    22       282  45.50200\n",
       "186  2022-06-05    23       282  33.87973"
      ]
     },
     "execution_count": 122,
     "metadata": {},
     "output_type": "execute_result"
    }
   ],
   "source": [
    "#Saate göre sıralama\n",
    "magaza_282_data = magaza_282_data.sort_values(by=\"hour\")\n",
    "magaza_282_data"
   ]
  },
  {
   "cell_type": "code",
   "execution_count": 123,
   "id": "bb5bd892-adc7-4caa-afa4-713025ab74ee",
   "metadata": {},
   "outputs": [
    {
     "data": {
      "text/html": [
       "<div>\n",
       "<style scoped>\n",
       "    .dataframe tbody tr th:only-of-type {\n",
       "        vertical-align: middle;\n",
       "    }\n",
       "\n",
       "    .dataframe tbody tr th {\n",
       "        vertical-align: top;\n",
       "    }\n",
       "\n",
       "    .dataframe thead th {\n",
       "        text-align: right;\n",
       "    }\n",
       "</style>\n",
       "<table border=\"1\" class=\"dataframe\">\n",
       "  <thead>\n",
       "    <tr style=\"text-align: right;\">\n",
       "      <th></th>\n",
       "      <th>date</th>\n",
       "      <th>hour</th>\n",
       "      <th>store_id</th>\n",
       "      <th>imwh</th>\n",
       "    </tr>\n",
       "  </thead>\n",
       "  <tbody>\n",
       "    <tr>\n",
       "      <th>97</th>\n",
       "      <td>2022-06-05</td>\n",
       "      <td>10</td>\n",
       "      <td>282</td>\n",
       "      <td>55.8862</td>\n",
       "    </tr>\n",
       "    <tr>\n",
       "      <th>86</th>\n",
       "      <td>2022-06-05</td>\n",
       "      <td>12</td>\n",
       "      <td>282</td>\n",
       "      <td>55.3246</td>\n",
       "    </tr>\n",
       "    <tr>\n",
       "      <th>177</th>\n",
       "      <td>2022-06-05</td>\n",
       "      <td>19</td>\n",
       "      <td>282</td>\n",
       "      <td>55.3258</td>\n",
       "    </tr>\n",
       "    <tr>\n",
       "      <th>40</th>\n",
       "      <td>2022-06-05</td>\n",
       "      <td>20</td>\n",
       "      <td>282</td>\n",
       "      <td>56.5668</td>\n",
       "    </tr>\n",
       "  </tbody>\n",
       "</table>\n",
       "</div>"
      ],
      "text/plain": [
       "           date  hour  store_id     imwh\n",
       "97   2022-06-05    10       282  55.8862\n",
       "86   2022-06-05    12       282  55.3246\n",
       "177  2022-06-05    19       282  55.3258\n",
       "40   2022-06-05    20       282  56.5668"
      ]
     },
     "execution_count": 123,
     "metadata": {},
     "output_type": "execute_result"
    }
   ],
   "source": [
    "#Büyüktür Küçüktür İşlemleri\n",
    "threshold_data = magaza_282_data[magaza_282_data[\"imwh\"] > 55]\n",
    "threshold_data"
   ]
  },
  {
   "cell_type": "code",
   "execution_count": 124,
   "id": "fb9836f8-0cce-4bfe-9d52-b019f513e98b",
   "metadata": {},
   "outputs": [],
   "source": [
    "#Mağaza tüketim verilerini analiz eder ve bu verileri eşik değerine göre filtreler\n",
    "def getThresholds(store_id, upper_limit):\n",
    "    magaza_data = df[df[\"store_id\"] == store_id]\n",
    "    magaza_data = magaza_data.sort_values(by=\"hour\")\n",
    "    threshold_data = magaza_data[magaza_data[\"imwh\"] > upper_limit]\n",
    "    return threshold_data"
   ]
  },
  {
   "cell_type": "code",
   "execution_count": 125,
   "id": "04bc3d9a-57d4-4e35-a0d4-b8308192ff65",
   "metadata": {},
   "outputs": [
    {
     "data": {
      "text/html": [
       "<div>\n",
       "<style scoped>\n",
       "    .dataframe tbody tr th:only-of-type {\n",
       "        vertical-align: middle;\n",
       "    }\n",
       "\n",
       "    .dataframe tbody tr th {\n",
       "        vertical-align: top;\n",
       "    }\n",
       "\n",
       "    .dataframe thead th {\n",
       "        text-align: right;\n",
       "    }\n",
       "</style>\n",
       "<table border=\"1\" class=\"dataframe\">\n",
       "  <thead>\n",
       "    <tr style=\"text-align: right;\">\n",
       "      <th></th>\n",
       "      <th>date</th>\n",
       "      <th>hour</th>\n",
       "      <th>store_id</th>\n",
       "      <th>imwh</th>\n",
       "    </tr>\n",
       "  </thead>\n",
       "  <tbody>\n",
       "    <tr>\n",
       "      <th>97</th>\n",
       "      <td>2022-06-05</td>\n",
       "      <td>10</td>\n",
       "      <td>282</td>\n",
       "      <td>55.8862</td>\n",
       "    </tr>\n",
       "    <tr>\n",
       "      <th>86</th>\n",
       "      <td>2022-06-05</td>\n",
       "      <td>12</td>\n",
       "      <td>282</td>\n",
       "      <td>55.3246</td>\n",
       "    </tr>\n",
       "    <tr>\n",
       "      <th>177</th>\n",
       "      <td>2022-06-05</td>\n",
       "      <td>19</td>\n",
       "      <td>282</td>\n",
       "      <td>55.3258</td>\n",
       "    </tr>\n",
       "    <tr>\n",
       "      <th>40</th>\n",
       "      <td>2022-06-05</td>\n",
       "      <td>20</td>\n",
       "      <td>282</td>\n",
       "      <td>56.5668</td>\n",
       "    </tr>\n",
       "  </tbody>\n",
       "</table>\n",
       "</div>"
      ],
      "text/plain": [
       "           date  hour  store_id     imwh\n",
       "97   2022-06-05    10       282  55.8862\n",
       "86   2022-06-05    12       282  55.3246\n",
       "177  2022-06-05    19       282  55.3258\n",
       "40   2022-06-05    20       282  56.5668"
      ]
     },
     "execution_count": 125,
     "metadata": {},
     "output_type": "execute_result"
    }
   ],
   "source": [
    "store_id = 282\n",
    "threshold_value = 55\n",
    "result = getThresholds(store_id, threshold_value)\n",
    "result"
   ]
  },
  {
   "cell_type": "code",
   "execution_count": 126,
   "id": "19abf976-92f8-43f9-9cc7-bacbabfa2fac",
   "metadata": {},
   "outputs": [],
   "source": [
    "client = MongoClient(\"mongodb+srv://pelsing:1302PG@cluster0.edghuss.mongodb.net/?retryWrites=true&w=majority\")"
   ]
  },
  {
   "cell_type": "code",
   "execution_count": 127,
   "id": "8f2130ae-e651-4e6d-8fa1-7d3a42f07053",
   "metadata": {},
   "outputs": [],
   "source": [
    "db = client['internship']"
   ]
  },
  {
   "cell_type": "code",
   "execution_count": 128,
   "id": "67c1725f-f6f6-4f28-9ee1-4b29493d0f38",
   "metadata": {},
   "outputs": [],
   "source": [
    "collection = db[\"mongodb\"]"
   ]
  },
  {
   "cell_type": "code",
   "execution_count": 129,
   "id": "d06e4b25-8339-4d93-868f-3e7dfe73c5b8",
   "metadata": {},
   "outputs": [],
   "source": [
    "records = result.to_dict(\"records\") "
   ]
  },
  {
   "cell_type": "code",
   "execution_count": 130,
   "id": "8cd8bea4-7912-49cc-9f54-ef1385cc8cec",
   "metadata": {},
   "outputs": [
    {
     "data": {
      "text/plain": [
       "<pymongo.results.InsertManyResult at 0x17460541c00>"
      ]
     },
     "execution_count": 130,
     "metadata": {},
     "output_type": "execute_result"
    }
   ],
   "source": [
    "collection.insert_many(records)"
   ]
  },
  {
   "cell_type": "code",
   "execution_count": null,
   "id": "41d78ad4-11ca-42c6-88a6-38b3592e06e4",
   "metadata": {},
   "outputs": [],
   "source": []
  }
 ],
 "metadata": {
  "kernelspec": {
   "display_name": "Python 3 (ipykernel)",
   "language": "python",
   "name": "python3"
  },
  "language_info": {
   "codemirror_mode": {
    "name": "ipython",
    "version": 3
   },
   "file_extension": ".py",
   "mimetype": "text/x-python",
   "name": "python",
   "nbconvert_exporter": "python",
   "pygments_lexer": "ipython3",
   "version": "3.11.4"
  }
 },
 "nbformat": 4,
 "nbformat_minor": 5
}
